jfruit2.exitOnError=TRUE
jfruit2.verbosity=2
jfruit2.growth=TRUE
jfruit2.sugar=TRUE
jfruit2.sugar2=FALSE
jfruit2.citrate=FALSE
jfruit2.malate=FALSE
Growth.odeMethod=4
Growth.sigmaPFunc=1
Growth.rhoFunc=0
Growth.ssratFunc=2
Growth.ctcsFunc=2
Growth.uaFunc=1
Growth.stone=FALSE
Growth.pedicel=FALSE
Growth.elasticity=FALSE
Growth.calculPhi=FALSE
Growth.yFunc=0
Growth.piF0Func=0
Growth.calculLx=TRUE
Growth.calculLx1Lp1=false
Growth.stot0=0.0106351314108216
Growth.w0=0.0329235058637275
Growth.pF0=4
Growth.piP0=12.53
Growth.phi=0.4854033
Growth.phiMin=1e-20
Growth.phiMax=1e-20
Growth.k=1e-20
Growth.t0=1e-20
Growth.sigmaP=1e-20
Growth.t1=1e-20
Growth.tauS=0.0837926631
Growth.y=0.9480672
Growth.yMin=1e-20
Growth.yMax=1e-20
Growth.tyMin=1e-20
Growth.tyMax=1e-20
Growth.share1=1e-20
Growth.share2=1e-20
Growth.noysf1=1e-20
Growth.noysf2=1e-20
Growth.aWt=0
Growth.bWt=1
Growth.cWt=0
Growth.gamma=4.80354645287034
Growth.eta=0.680167749643742
Growth.ax=0.035
Growth.ap=0.035
Growth.assrat=1e-20
Growth.bssrat=1e-20
Growth.tssrat=1e-20
Growth.apaa=-1e-20
Growth.bpaa=1e-20
Growth.piF0=5.7
Growth.rho0=180
Growth.kRho=0.243
Growth.rhoMin=20
Growth.qm293=0.00015
Growth.q10=1.9
Growth.nuM=0.02366302
Growth.km=0.08
Growth.ki=0.41
Growth.tstar=892.78631
Growth.tauA=868.3153
Growth.delta=1e-20
Growth.fpow=1e-20
Growth.qg=0.12
Growth.lx=1e-20
Growth.lp=0.0011114760
Growth.lx1=1e-20
Growth.lp1=1e-20
Growth.tMax1=1
Growth.cMin1=0
Growth.lxMin=0
Growth.lxAsy=0.008444894
Growth.kx=0.004408292
Growth.tx=2199.185
Growth.ps=3.6e-05
Growth.sigmaX=1
Growth.el=153
Growth.aY=1e-20
Sugar.odeMethod=4
Sugar.a=1e-20
Sugar.b=1e-20
Sugar.c=1e-20
Sugar.dD0=1e-20
Sugar.baseTemp=1e-20
Sugar.upTemp=1e-20
Sugar.alpha=1e-20
Sugar.beta=1e-20
Sugar.gamma=1e-20
Sugar.k5m0=1e-20
Sugar.u5m=1e-20
Sugar.tau5m=1e-20
Sugar.modWc=FALSE
Sugar.k3Func=2
Sugar.k5mFunc=1
Sugar.sigmaDM=0.45
Sugar.cSol0=15.0142316490618
Sugar.cSta0=2.18627136345342
Sugar.lambda=2187.32068675415
Sugar.tau3=2.12957320686925
Sugar.k5=0.00177731571803588
Sugar.as=5034.49864463025
Sugar.bs=-4.63626092412035
Sugar.cs=0.00123470864295235
Sugar.ks=0
